00000000
00110001
00000001
10110011
00000000
00110001
00000001
10110011
00000000
00110001
00000001
10110011
00000000
01110001
10000001
10010011
00000000
00010000
10000001
10000011
00000001
10110011
00000000
00110001
00000000
00000001
10000101
00100011
00000000
00110001
00000001
10110011
00000000
00110000
10000001
10110011
00000000
01110000
10000001
10010011
00000000
00000000
10100010
00000011
00000000
00000001
10000001
10100011
00000000
00010000
00010001
01100011
00000000
00000000
00000010
01100011
00000000
00110001
00000001
10110011
00000000
00110001
00000001
10110011
00000000
00110001
00000001
10110011
00000000
00110001
00000001
10110011
00000000
00110001
00000001
10110011
00000000
00110001
00000001
10110011
00000000
00110001
00000001
10110011
00000000
00010000
01000001
01100011
00000000
00000000
11010001
01100011